0 0 0
1 1 0
4 2 600
4 0 -1
9 0 0
16 0 0
25 1 -1
36 0 0
49 0 0
64 1 -1
81 0 0
100 0 0
121 0 -1
144 0 0
169 1 -1
196 0 0
225 1 -1
256 0 0
289 1 -1
324 1 0
361 1 0
400 1 -1
441 1 0
484 1 -1
529 1 0
576 1 0
625 0 0
676 0 0
729 0 0
784 0 0
841 0 0
900 0 0
961 0 0
1024 0 -1
1089 0 -1
1156 0 -1
1225 1 0
1296 1 0
1369 0 -1
1444 0 -1
1521 0 -1
1600 0 -1
1681 1 -1
1764 0 0
1849 0 -1
1936 0 0
2025 0 -1
2116 0 -1
2209 0 -1
2304 0 0
2401 1 -1
2500 0 0
2601 0 0
2704 1 0
2809 0 0
2916 1 -1
3025 0 0
3136 0 0
3249 1 0
3364 0 0
3481 0 -1
3600 1 -1
3721 0 -1
3844 0 0
3969 1 0
4096 0 0
4225 1 -1
4356 1 0
4489 0 -1
4624 1 -1
4761 0 0
4900 1 0
5041 0 0
5184 1 -1
5329 1 -1
5476 1 -1
5625 1 0
5776 1 -1
5929 0 -1
6084 1 0
6241 1 0
6400 0 -1
6561 0 -1
6724 0 0
6889 0 0
7056 1 0
7225 1 -1
7396 1 -1
7569 1 -1
7744 0 -1
7921 0 -1
8100 1 0
8281 0 -1
8464 1 0
8649 0 0
8836 0 0
9025 1 0
9216 0 -1
9409 1 0
9604 1 -1
9801 1 -1
10000 1 -1
10201 1 -1
10404 1 -1
10609 0 0
10816 0 -1
11025 0 0
11236 0 -1
11449 0 -1
11664 0 0
11881 0 -1
12100 1 0
12321 1 0
12544 1 -1
12769 1 -1
12996 1 -1
13225 1 0
13456 0 0
13689 1 -1
13924 0 0
14161 0 0
14400 0 -1
14641 1 -1
14884 1 -1
15129 0 -1
15376 1 0
15625 1 0
15876 1 0
16129 1 0
16384 0 -1
16641 0 -1
16900 1 0
17161 1 -1
17424 1 0
17689 1 0
17956 0 0
18225 1 0
18496 0 -1
18769 0 -1
19044 1 -1
19321 0 0
19600 0 -1
19881 0 0
20164 0 -1
20449 0 -1
20736 1 -1
21025 1 0
21316 1 -1
21609 0 0
21904 0 -1
22201 0 -1
22500 1 0
22801 0 0
23104 1 0
23409 0 0
23716 0 -1
24025 1 -1
24336 0 0
24649 0 -1
24964 0 -1
25281 1 -1
25600 0 0
25921 1 0
26244 1 -1
26569 1 -1
26896 0 0
27225 1 -1
27556 0 -1
27889 1 -1
28224 1 -1
28561 1 0
28900 1 0
29241 1 -1
29584 1 -1
29929 1 -1
30276 1 -1
30625 1 0
30976 1 -1
31329 0 -1
31684 0 0
32041 0 -1
32400 1 0
32761 0 -1
33124 1 0
33489 0 0
33856 1 -1
34225 1 -1
34596 0 0
34969 1 -1
35344 0 -1
35721 0 -1
36100 0 -1
36481 1 -1
36864 1 0
37249 0 -1
37636 1 0
38025 0 0
38416 1 -1
38809 1 -1
39204 0 -1
39601 1 -1
40000 1 -1
40401 1 -1
40804 1 0
41209 0 -1
41616 1 0
42025 1 0
42436 0 0
42849 1 -1
43264 0 0
43681 0 -1
44100 0 -1
44521 0 -1
44944 1 -1
45369 0 0
45796 0 0
46225 1 0
46656 0 -1
47089 1 -1
47524 0 0
47961 1 0
48400 1 0
48841 0 0
49284 1 0
49729 0 0
50176 1 -1
50625 1 -1
51076 1 -1
51529 0 -1
51984 1 0
52441 0 -1
52900 0 0
53361 1 0
53824 0 0
54289 0 0
54756 1 0
55225 0 -1
55696 0 0
56169 1 0
56644 0 -1
57121 1 0
57600 0 0
58081 1 -1
58564 0 -1
59049 0 -1
59536 0 -1
60025 0 -1
60516 1 -1
61009 1 0
61504 0 -1
62001 0 -1
62500 1 -1
63001 1 0
63504 1 -1
64009 0 0
64516 1 -1
