1 0 0
4 2 0
9 4 600
8 1 599
27 3 596
64 1 593
125 2 591
216 0 589
343 0 587
512 2 585
729 3 583
1000 0 581
1331 3 579
1728 2 579
2197 2 578
2744 0 578
3375 2 575
4096 2 575
4913 3 574
5832 0 571
6859 3 568
8000 2 567
9261 0 566
10648 3 565
12167 1 562
13824 2 561
15625 0 558
17576 1 556
19683 0 553
21952 3 552
24389 2 550
27000 1 549
29791 3 547
32768 0 545
35937 2 543
39304 0 542
42875 0 540
46656 2 538
50653 0 536
54872 2 535
59319 2 535
64000 3 532
68921 2 530
74088 2 527
79507 2 524
85184 0 522
91125 3 519
97336 2 519
103823 3 517
110592 2 515
117649 0 515
125000 3 513
132651 0 512
140608 1 512
148877 2 512
157464 2 511
166375 3 509
175616 3 506
185193 3 504
195112 1 503
205379 1 500
216000 0 497
226981 0 497
238328 1 496
250047 1 494
262144 2 493
274625 2 492
287496 1 492
300763 2 489
314432 3 486
328509 3 486
343000 1 486
357911 1 484
373248 1 481
389017 0 479
405224 3 479
421875 3 476
438976 2 476
456533 1 473
474552 1 472
493039 1 470
512000 3 467
531441 0 464
551368 2 463
571787 2 462
592704 2 459
614125 1 456
636056 1 454
658503 2 452
681472 1 451
704969 1 449
729000 2 447
753571 0 446
778688 3 445
804357 0 444
830584 3 444
857375 3 442
884736 3 440
912673 1 438
941192 2 436
970299 3 436
1000000 0 433
1030301 1 432
1061208 2 432
1092727 1 429
1124864 0 429
1157625 1 427
1191016 0 426
1225043 1 423
1259712 2 422
1295029 0 420
1331000 1 419
1367631 2 417
1404928 1 417
1442897 2 415
1481544 1 412
1520875 1 410
1560896 2 408
1601613 2 406
1643032 2 406
1685159 0 404
1728000 1 403
1771561 3 401
1815848 3 400
1860867 1 400
1906624 0 400
1953125 3 398
2000376 3 395
2048383 2 394
2097152 2 391
2146689 1 388
2197000 1 388
2248091 0 385
2299968 2 385
2352637 3 384
2406104 1 383
2460375 2 381
2515456 3 378
2571353 2 377
2628072 0 377
2685619 3 376
2744000 1 374
2803221 1 374
2863288 0 372
2924207 2 372
2985984 1 371
3048625 1 368
3112136 0 367
3176523 3 367
3241792 2 367
3307949 0 365
3375000 3 365
3442951 3 364
3511808 1 362
3581577 2 359
3652264 3 359
3723875 0 356
3796416 2 354
3869893 3 353
3944312 2 351
4019679 0 349
4096000 2 349
4173281 0 349
4251528 3 347
4330747 0 347
4410944 1 346
4492125 2 344
4574296 0 344
4657463 0 343
4741632 3 340
4826809 1 339
4913000 1 338
5000211 0 338
5088448 2 337
5177717 2 334
5268024 3 332
5359375 0 330
5451776 1 327
5545233 0 327
5639752 1 325
5735339 1 322
5832000 2 322
5929741 3 322
6028568 2 322
6128487 3 322
6229504 1 322
6331625 3 319
6434856 2 319
6539203 2 318
6644672 3 318
6751269 0 315
6859000 0 314
6967871 0 311
7077888 0 308
7189057 3 307
7301384 3 305
7414875 0 305
7529536 0 304
7645373 2 303
7762392 3 302
7880599 0 299
8000000 0 297
8120601 2 295
8242408 3 293
8365427 0 293
8489664 3 293
8615125 3 291
8741816 3 288
8869743 0 288
8998912 1 285
9129329 0 283
9261000 0 283
9393931 2 283
9528128 0 283
9663597 3 281
9800344 0 278
9938375 0 278
10077696 3 275
10218313 0 275
10360232 3 274
10503459 1 272
10648000 2 270
10793861 3 268
10941048 1 268
11089567 2 268
11239424 1 267
11390625 1 267
11543176 1 264
11697083 2 263
11852352 3 262
12008989 2 262
12167000 0 261
12326391 3 258
12487168 0 255
12649337 1 253
12812904 3 251
12977875 2 248
13144256 1 246
13312053 2 244
13481272 1 244
13651919 3 242
13824000 2 241
13997521 2 239
14172488 3 237
14348907 2 237
14526784 1 237
14706125 3 234
14886936 0 234
15069223 3 233
15252992 3 231
15438249 0 230
15625000 2 229
15813251 1 229
16003008 1 227
16194277 1 226
16387064 1 223
